left=-87.94075859
right=-87.5235017
bottom=41.64262609
top=42.02186923
