left=-91.900635
bottom=41.80459
right=-91.360931
top=42.098732
