left=-115.414625
bottom=35.998563
right=-115.000763
top=36.338913
