left=-88.196869
bottom=42.89961
right=-87.82196
top=43.194967
