left=-75.430756
bottom=39.821722
right=-74.955763
top=40.137992
