left=-90.455933
bottom=38.500355
right=-90.071411
top=38.774349
